Belarus  (3042,544)  (3092,544)  (2991,542)  (3039,591)  (3089,595)  (2986,592)  (2969,643)  (3022,642)  (3124,640)
Portuguese Guinea  (1616,1904)
Morocco  (1798,1600)  (1750,1600)  (1846,1600)
Karelia  (2861,235)  (2906,233)  (2873,282)
119 Sea Zone  (1767,263)  (1721,308)  (1721,262)  (1812,309)  (1767,217)  (1813,217)  (1813,263)  (1719,216)  (1727,354)  (1681,354)  (1675,308)  (1675,262)  (1858,309)  (1765,171)  (1811,171)  (1857,171)  (1859,217)  (1859,263)  (1673,216)  (1673,170)  (1719,170)  (1886,355)  (1905,213)
124 Sea Zone  (1904,27)  (1858,72)  (1858,26)  (1949,73)  (1950,0)  (1812,98)  (1812,52)  (1812,6)  (1995,46)  (1995,92)  (1996,0)  (1766,98)  (1766,52)  (1766,6)  (2041,46)  (2041,92)  (2042,0)  (1720,98)  (1720,52)  (1720,6)  (2087,46)  (2087,92)  (2088,0)
Afghanistan  (3755,1678)  (3802,1679)  (3706,1679)  (3724,1731)  (3733,1580)  (3784,1582)
GermanyPeaceUS  (336,3087)
113 Sea Zone  (2446,543)  (2496,543)  (2444,591)  (2420,474)  (2492,592)
France  (2115,935)  (2164,935)  (2065,935)  (2100,984)  (2150,984)  (2049,984)  (2079,1033)  (2028,1034)  (2128,1034)
Bryansk  (3234,768)  (3181,767)  (3284,768)  (3184,816)  (3233,818)  (3284,818)  (3247,866)
65 Sea Zone  (339,2409)  (293,2454)  (293,2408)  (384,2455)  (339,2363)  (385,2363)  (385,2409)  (291,2362)  (338,2500)  (292,2500)  (247,2454)  (247,2408)  (430,2455)  (430,2501)  (384,2501)  (246,2501)  (337,2317)  (383,2317)  (429,2317)  (431,2363)  (431,2409)  (245,2362)  (245,2316)  (291,2316)  (475,2273)  (338,2546)  (292,2546)  (201,2455)  (201,2409)  (476,2455)  (476,2501)  (476,2547)  (430,2547)  (384,2547)  (246,2547)  (200,2547)  (200,2501)  (337,2271)  (383,2271)  (429,2271)  (477,2319)  (477,2365)  (199,2363)  (199,2317)  (199,2271)  (245,2270)  (291,2270)  (475,2227)  (521,2227)  (521,2273)  (338,2592)  (292,2592)  (155,2455)  (155,2409)  (522,2411)  (522,2457)  (522,2503)  (522,2549)  (476,2593)  (430,2593)  (384,2593)  (246,2593)  (200,2593)  (154,2593)  (154,2547)  (154,2501)  (395,2225)  (523,2319)  (523,2365)  (153,2363)  (153,2317)  (153,2271)  (524,2595)  (441,2181)  (487,2181)  (533,2181)  (567,2227)  (567,2273)  (109,2455)  (109,2409)  (568,2411)  (568,2457)  (568,2503)  (568,2549)  (108,2613)  (108,2567)  (108,2521)  (569,2319)  (569,2365)  (107,2363)  (107,2317)  (107,2271)  (570,2595)  (579,2169)  (485,2135)  (531,2135)  (613,2215)  (613,2261)  (63,2475)  (63,2429)  (614,2411)  (614,2457)  (614,2503)  (614,2549)  (62,2613)  (62,2567)  (62,2521)  (615,2307)  (615,2353)  (61,2383)  (61,2337)  (61,2291)  (61,2245)  (616,2595)  (577,2123)  (623,2123)  (625,2169)  (531,2089)  (659,2215)  (659,2261)  (17,2475)  (17,2429)  (660,2399)  (660,2445)  (660,2491)  (660,2537)  (16,2613)  (16,2567)  (16,2521)  (661,2307)  (661,2353)  (15,2383)  (15,2337)  (15,2291)  (15,2245)  (662,2583)  (671,2160)
123 Sea Zone  (1364,1)  (1364,47)  (1364,93)  (1410,0)  (1410,46)  (1410,92)  (1456,0)  (1456,46)  (1456,92)  (1621,96)  (1631,0)  (1645,46)
84 Sea Zone  (1471,2432)  (1425,2477)  (1425,2431)  (1516,2478)  (1471,2386)  (1517,2386)  (1517,2432)  (1423,2385)  (1470,2523)  (1424,2523)  (1379,2477)  (1379,2431)  (1562,2478)  (1562,2524)  (1516,2524)  (1378,2524)  (1469,2340)  (1515,2340)  (1561,2340)  (1563,2386)  (1563,2432)  (1377,2385)  (1377,2339)  (1423,2339)  (1470,2569)  (1424,2569)  (1594,2570)  (1548,2570)  (1378,2570)  (1469,2294)  (1515,2294)  (1561,2294)  (1352,2293)  (1398,2293)  (1502,2615)  (1456,2615)  (1594,2616)  (1548,2616)  (1410,2616)  (1364,2616)  (1444,2248)  (1490,2248)  (1536,2248)  (1582,2248)  (1352,2247)  (1398,2247)  (1502,2661)  (1456,2661)  (1594,2662)  (1548,2662)  (1410,2662)  (1364,2662)  (1444,2202)  (1490,2202)  (1536,2202)  (1582,2202)  (1372,2201)  (1418,2156)  (1464,2156)  (1510,2156)  (1556,2156)
122 Sea Zone  (1189,41)  (1143,86)  (1143,40)  (1234,87)  (1235,0)  (1097,98)  (1097,52)  (1097,6)  (1280,46)  (1280,92)  (1281,0)
Normandy Bordeaux  (1957,900)  (1958,948)  (1950,995)  (1934,1047)  (1916,1096)  (2047,815)  (2087,782)
West Indies  (765,1326)  (691,1295)  (649,1267)  (610,1244)  (572,1228)
French Central Africa  (2185,1989)  (2139,2034)  (2139,1988)  (2230,2035)  (2185,1943)  (2231,1943)  (2231,1989)  (2137,1942)  (2093,2070)  (2203,1897)  (2249,1897)  (2277,1943)  (2295,1879)  (2323,1925)  (2341,1869)  (2369,1915)  (2408,1869)
Belgian Congo  (2595,2589)  (2549,2634)  (2549,2588)  (2640,2635)  (2595,2543)  (2641,2543)  (2641,2589)  (2547,2542)  (2594,2680)  (2548,2680)  (2503,2634)  (2503,2588)  (2686,2668)  (2640,2681)  (2502,2681)  (2593,2497)  (2639,2497)  (2687,2546)  (2501,2542)  (2501,2496)  (2547,2496)  (2693,2714)  (2594,2726)  (2647,2727)  (2456,2714)  (2652,2451)
Western Germany  (2333,772)  (2382,771)  (2297,823)  (2345,822)  (2393,822)  (2297,871)  (2345,870)  (2393,870)  (2296,918)  (2344,915)  (2387,917)  (2374,965)
76 Sea Zone  (3208,2434)  (3162,2479)  (3162,2433)  (3253,2480)  (3208,2388)  (3254,2388)  (3254,2434)  (3160,2387)  (3207,2525)  (3161,2525)  (3116,2479)  (3116,2433)  (3299,2480)  (3299,2526)  (3253,2526)  (3206,2342)  (3252,2342)  (3298,2342)  (3300,2388)  (3300,2434)  (3070,2472)  (3243,2296)  (3289,2296)  (3245,2250)  (3291,2250)  (3190,2231)  (3236,2204)  (3282,2204)  (3296,2158)  (3084,2150)  (3071,2104)
118 Sea Zone  (1502,271)  (1456,316)  (1456,270)  (1547,317)  (1502,225)  (1548,225)  (1548,271)  (1454,224)  (1501,362)  (1455,362)  (1593,317)  (1593,363)  (1547,363)  (1500,179)  (1546,179)  (1592,179)  (1594,225)  (1594,271)  (1411,178)  (1501,408)  (1455,408)  (1608,409)  (1562,409)
Iceland  (1552,65)  (1600,65)  (1505,65)
Southern France  (2077,1156)  (2026,1156)  (1974,1156)  (2128,1155)
104 Sea Zone  (1633,980)  (1587,1025)  (1587,979)  (1678,1026)  (1633,934)  (1679,934)  (1679,980)  (1585,933)  (1632,1071)  (1586,1071)  (1724,1026)  (1724,1072)  (1631,888)  (1677,888)  (1723,888)  (1725,934)  (1725,980)  (1556,887)  (1618,1117)  (1572,1117)  (1602,842)  (1648,842)  (1694,842)  (1556,841)  (1619,1163)  (1573,1163)  (1602,796)  (1648,796)  (1694,796)  (1556,795)  (1740,786)  (1631,1209)  (1585,1209)  (1602,750)  (1648,750)  (1694,750)  (1556,749)  (1740,740)
95 Sea Zone  (2302,1340)  (2254,1387)  (2299,1387)  (2345,1389)  (2393,1403)  (2291,1435)  (2326,1474)  (2363,1491)
87 Sea Zone  (1513,1911)  (1467,1956)  (1467,1910)  (1558,1957)  (1513,1865)  (1559,1865)  (1559,1911)  (1465,1864)  (1512,2002)  (1466,2002)  (1581,2003)  (1511,1819)  (1557,1819)  (1449,1818)  (1535,2048)  (1489,2048)  (1597,2049)  (1495,1773)  (1541,1773)  (1449,1772)  (1587,1759)
British Somaliland  (3087,2281)
106 Sea Zone  (993,639)  (947,684)  (947,638)  (1038,685)  (993,593)  (1039,593)  (1039,639)  (947,570)  (992,730)  (946,730)  (901,684)  (1084,685)  (1084,731)  (1038,731)  (900,731)  (993,547)  (1039,547)  (1085,547)  (1085,593)  (1085,639)  (886,533)  (932,524)  (978,501)  (1024,501)  (1070,501)  (1116,501)  (1016,455)  (1062,455)  (1108,455)
Alexandria  (2722,1727)  (2772,1726)  (2731,1776)  (2782,1776)  (2745,1826)  (2795,1826)
86 Sea Zone  (1364,2026)  (1318,2071)  (1403,2072)  (1355,1980)  (1401,1980)  (1357,2117)  (1311,2117)  (1356,1934)  (1402,1934)  (1318,2163)  (1272,2163)  (1344,1888)  (1390,1888)  (1298,1860)  (1344,1842)  (1390,1842)  (1237,1834)  (1188,1824)  (1283,1814)
Nenetsia  (3361,129)  (3410,128)  (3360,180)  (3410,180)  (3359,230)  (3464,124)  (3519,123)
Pripet Marshes  (3053,734)  (3099,726)
67 Sea Zone  (1122,2887)  (1076,2932)  (1076,2886)  (1167,2933)  (1122,2841)  (1168,2841)  (1168,2887)  (1074,2840)  (1121,2978)  (1075,2978)  (1030,2932)  (1030,2886)  (1213,2933)  (1213,2979)  (1167,2979)  (1029,2979)  (1120,2795)  (1166,2795)  (1212,2795)  (1214,2841)  (1214,2887)  (1028,2840)  (1028,2794)  (1074,2794)  (1258,2751)  (1121,3024)  (1075,3024)  (984,2933)  (984,2887)  (1259,2933)  (1259,2979)  (1259,3025)  (1213,3025)  (1167,3025)  (1029,3025)  (983,3025)  (983,2979)  (1120,2749)  (1166,2749)  (1212,2749)  (1260,2797)  (1260,2843)  (982,2841)  (982,2795)  (982,2749)  (1028,2748)  (1074,2748)  (1258,2705)  (1304,2705)  (1304,2751)  (1121,3070)  (1075,3070)  (1305,2889)  (1305,2935)  (1305,2981)  (1305,3027)  (1259,3071)  (1213,3071)  (1167,3071)  (1029,3071)  (983,3071)  (973,2703)  (1120,2703)  (1166,2703)  (1212,2703)  (1306,2797)  (1306,2843)  (1019,2702)  (1065,2702)  (1306,3073)  (1258,2659)  (1304,2659)  (1121,3116)  (1075,3116)  (1260,3117)  (1214,3117)  (1168,3117)  (1029,3117)  (983,3117)  (1306,3119)  (1122,3162)  (1076,3162)  (1260,3163)  (1214,3163)  (1168,3163)  (1030,3163)  (984,3163)  (1306,3165)
New Brunswick Nova Scotia  (804,522)  (852,521)  (993,516)  (1035,518)
89 Sea Zone  (229,1106)  (233,1152)  (245,1198)  (279,1147)  (291,1193)  (428,1341)  (443,1294)  (459,1247)  (474,1340)  (489,1293)  (520,1339)  (522,1536)  (538,1475)  (547,1385)  (556,1268)  (566,1328)  (568,1521)  (584,1431)  (593,1374)  (614,1477)  (614,1523)  (630,1420)  (639,1371)  (645,1211)  (660,1466)  (660,1512)  (676,1417)  (685,1335)  (691,1211)  (706,1463)  (721,1257)  (722,1384)  (737,1211)  (740,1509)  (752,1430)  (783,1211)  (786,1476)  (786,1522)  (798,1393)  (829,1230)  (832,1439)  (832,1485)  (832,1531)  (851,1276)  (878,1426)  (878,1472)  (878,1518)  (888,1322)  (891,1564)  (924,1426)  (924,1505)  (934,1292)  (934,1338)  (970,1472)  (970,1518)  (980,1292)  (980,1338)  (981,1384)  (1016,1430)  (1016,1476)  (1016,1522)  (1026,1292)  (1026,1338)  (1027,1384)  (1062,1430)  (1062,1476)  (1062,1522)  (1072,1292)  (1072,1338)  (1073,1384)
74 Sea Zone  (3801,3092)  (3755,3137)  (3755,3091)  (3846,3138)  (3847,3050)  (3709,3166)  (3709,3120)  (3709,3074)  (3892,3096)  (3892,3142)  (3893,3050)  (3938,3096)  (3938,3142)
102 Sea Zone  (1009,988)  (963,1033)  (963,987)  (1054,1034)  (1009,942)  (1055,942)  (1055,988)  (961,941)  (1008,1079)  (962,1079)  (917,1033)  (917,987)  (1100,1034)  (1100,1080)  (1054,1080)  (916,1080)  (1007,896)  (1053,896)  (1099,896)  (1101,942)  (1101,988)  (915,941)  (915,895)  (961,895)  (1145,852)  (1008,1125)  (962,1125)  (871,1034)  (871,988)  (1146,1034)  (1146,1080)  (1146,1126)  (1100,1126)  (1054,1126)  (916,1126)  (870,1126)  (870,1080)  (1007,850)  (1053,850)  (1099,850)  (1147,898)  (1147,944)  (869,942)  (869,896)  (869,850)  (915,849)  (961,849)  (1145,806)  (1008,1171)  (962,1171)  (1171,1172)  (1125,1172)  (1079,1172)  (916,1172)  (870,1172)  (856,804)  (1007,804)  (1053,804)  (1099,804)  (902,803)  (948,803)  (1033,1217)  (987,1217)  (1171,1218)  (1125,1218)  (1079,1218)  (941,1218)
66 Sea Zone  (401,2752)  (452,2751)  (364,2801)  (416,2802)  (470,2802)  (347,2745)  (344,2690)  (397,2696)  (457,2696)  (511,2698)  (509,2750)  (527,2805)  (303,2800)  (282,2742)  (285,2686)  (568,2691)  (570,2749)  (585,2802)  (239,2801)  (221,2743)  (221,2692)  (627,2693)  (629,2748)  (636,2806)  (633,2862)
93 Sea Zone  (1955,1339)  (1978,1293)  (2002,1228)  (2024,1274)  (2048,1219)  (2061,1320)  (2070,1265)  (2107,1311)  (2116,1229)  (2153,1275)  (2153,1321)
Urals  (3713,143)  (3759,142)  (3712,191)  (3761,190)  (3809,140)  (3810,190)  (3856,143)  (3856,191)
85 Sea Zone  (1161,2454)  (1115,2499)  (1115,2453)  (1206,2500)  (1161,2408)  (1207,2408)  (1207,2454)  (1113,2407)  (1160,2545)  (1114,2545)  (1069,2499)  (1069,2453)  (1252,2500)  (1252,2546)  (1206,2546)  (1068,2546)  (1159,2362)  (1205,2362)  (1251,2362)  (1253,2408)  (1253,2454)  (1111,2361)  (1297,2318)  (1160,2591)  (1114,2591)  (1298,2500)  (1298,2546)  (1298,2592)  (1252,2592)  (1206,2592)  (1068,2592)  (1022,2592)  (1022,2546)  (1157,2316)  (1203,2316)  (1249,2316)  (1299,2364)  (1299,2410)  (1295,2272)  (976,2613)  (1230,2270)  (1276,2226)
Egypt  (2864,1746)  (2913,1746)  (2863,1796)  (2913,1796)  (2864,1845)  (2913,1845)
Eastern Poland  (2870,775)  (2916,775)  (2872,822)  (2919,820)  (2873,866)  (2922,868)  (2832,761)  (2789,717)  (2836,716)
Crete  (2780,1498)
Russia  (3410,581)  (3455,581)  (3410,625)  (3457,627)  (3364,581)  (3363,627)  (3391,676)  (3439,673)  (3484,671)  (3499,624)  (3497,580)  (3389,725)
Angola  (2462,2883)  (2508,2883)  (2417,2883)  (2466,2930)  (2514,2930)  (2420,2931)
Greece  (2737,1399)  (2735,1350)  (2734,1300)  (2782,1299)  (2829,1299)  (2869,1295)
Ukraine  (3085,1001)  (3127,1000)  (3084,1044)  (3129,1046)  (3038,1001)  (3038,1044)  (3169,1001)  (3173,1045)
Western Ukraine  (3041,811)  (3091,811)  (2990,812)  (3039,857)  (2988,860)  (3086,856)
99 Sea Zone  (2834,1458)  (2879,1457)  (2858,1530)  (2903,1529)
Iraq  (3230,1670)  (3179,1670)  (3199,1720)  (3249,1720)  (3281,1669)  (3301,1721)
GermanyWarUS  (481,3088)
Timguska  (3949,523)  (3953,569)  (3945,477)  (3953,615)  (3946,431)  (3953,661)  (3944,385)  (3953,707)  (3944,339)
90 Sea Zone  (1257,1394)  (1211,1439)  (1211,1393)  (1302,1440)  (1257,1348)  (1303,1348)  (1303,1394)  (1209,1347)  (1256,1485)  (1210,1485)  (1165,1439)  (1165,1393)  (1348,1440)  (1348,1486)  (1302,1486)  (1164,1486)  (1255,1302)  (1301,1302)  (1347,1302)  (1349,1348)  (1349,1394)  (1163,1347)  (1163,1301)  (1209,1301)  (1393,1292)  (1256,1531)  (1210,1531)  (1394,1440)  (1394,1486)  (1394,1532)  (1348,1532)  (1302,1532)  (1164,1532)  (1395,1338)  (1395,1384)
Eastern Persia  (3611,1754)  (3656,1754)  (3561,1753)  (3615,1803)  (3665,1806)  (3566,1803)  (3614,1852)  (3669,1855)  (3562,1854)  (3611,1896)  (3661,1903)  (3564,1904)  (3589,1617)  (3637,1616)  (3598,1561)  (3645,1563)
101 Sea Zone  (679,981)  (633,1026)  (633,980)  (724,1027)  (679,935)  (725,935)  (725,981)  (678,1072)  (632,1072)  (770,1027)  (770,1073)  (724,1073)  (696,889)  (742,889)  (771,935)  (771,981)  (788,872)  (678,1118)  (632,1118)  (810,1119)  (764,1119)  (696,843)  (742,843)  (525,1134)  (788,826)  (507,1088)  (718,1164)  (672,1164)  (626,1164)  (809,1165)  (713,797)  (479,1165)  (759,780)  (805,780)  (461,1119)  (461,1073)  (433,1165)  (739,734)  (785,734)  (415,1119)  (415,1073)  (809,688)  (369,1145)  (369,1099)  (323,1099)  (286,1053)
Cyprus  (2950,1484)
Himalayas  (3864,1610)
114 Sea Zone  (2590,549)  (2639,548)  (2540,551)  (2593,597)  (2643,596)  (2542,599)  (2588,500)  (2637,501)  (2636,448)  (2584,448)  (2639,400)  (2639,342)  (2642,286)
Denmark  (2346,556)
71 Sea Zone  (2868,3107)  (2822,3152)  (2913,3153)  (2877,3061)  (2914,3107)  (2923,3052)  (2890,3006)  (2936,3006)  (2935,2960)  (2937,2914)  (2942,2868)
Holland Belgium  (2209,719)  (2161,720)  (2256,719)  (2199,766)
Gold Coast  (1935,2148)
Southeast Mexico  (136,1196)  (183,1196)  (90,1196)  (149,1248)  (202,1249)  (223,1301)  (264,1302)  (319,1304)  (330,1356)  (378,1341)  (376,1292)  (71,1077)  (119,1060)  (65,1023)
Scotland  (1958,353)  (2004,353)  (1967,432)  (2014,431)
121 Sea Zone  (813,149)  (767,194)  (767,148)  (858,195)  (859,147)  (765,102)  (744,240)  (721,194)  (904,193)  (720,25)  (950,175)  (665,1)  (624,164)  (1004,60)  (1008,106)  (1044,11)
GermanyWarRussia  (482,3014)
Northwest Persia  (3362,1533)  (3410,1532)  (3373,1424)
Persia  (3437,1734)  (3480,1733)  (3437,1780)  (3483,1779)  (3437,1826)  (3484,1825)
Eastern United States  (616,826)  (616,874)  (567,826)  (569,873)  (519,827)  (523,873)  (523,920)  (523,965)
Sweden  (2485,381)  (2442,382)  (2533,381)  (2465,432)  (2482,479)  (2515,432)
115 Sea Zone  (2696,488)  (2696,436)  (2693,380)  (2693,321)  (2747,429)  (2695,436)  (2697,538)  (2695,592)  (2694,270)  (2838,406)
Sikang  (3937,1431)  (3953,1477)  (3924,1385)  (3953,1523)  (3929,1339)  (3953,1569)
South West Africa  (2511,3088)  (2464,3088)  (2560,3088)
Nigeria  (2119,2148)  (2073,2166)  (2164,2194)  (2165,2114)  (2211,2131)
Southern Italy  (2463,1281)  (2473,1372)  (2463,1415)  (2460,1326)
69 Sea Zone  (1830,2973)  (1784,3018)  (1784,2972)  (1875,3019)  (1830,2927)  (1876,2927)  (1876,2973)  (1782,2926)  (1829,3064)  (1783,3064)  (1738,3018)  (1738,2972)  (1921,3019)  (1921,3065)  (1875,3065)  (1737,3065)  (1828,2881)  (1874,2881)  (1920,2881)  (1922,2927)  (1922,2973)  (1736,2926)  (1736,2880)  (1782,2880)  (1966,2837)  (1829,3110)  (1783,3110)  (1967,3019)  (1967,3065)  (1967,3111)  (1921,3111)  (1875,3111)  (1737,3111)  (1828,2835)  (1874,2835)  (1920,2835)  (1968,2883)  (1968,2929)  (1718,2834)  (1764,2834)  (1966,2791)  (1829,3156)  (1783,3156)  (1991,3157)  (1945,3157)  (1899,3157)  (1737,3157)  (1810,2789)  (1856,2789)  (1902,2789)  (1718,2788)  (1764,2788)  (1948,2745)  (1810,2743)  (1856,2743)  (1902,2743)  (1718,2742)  (1764,2742)
Bolivia  (833,2190)  (787,2189)  (884,2187)  (807,2092)  (861,2090)  (848,2040)
Liberia  (1765,2116)
Turkmenistan  (3654,1456)  (3698,1455)  (3721,1498)
Kenya  (2861,2453)  (2815,2486)  (2815,2440)  (2906,2499)  (2861,2407)  (2907,2407)  (2907,2453)  (2801,2394)  (2860,2532)  (2769,2510)  (2769,2464)  (2952,2499)  (2952,2545)  (2906,2545)  (2953,2408)  (2723,2492)
Peru  (669,2074)  (717,2073)  (770,2044)  (769,1994)  (725,2121)  (642,1981)  (623,1932)
Caucasus  (3324,1222)  (3370,1222)  (3326,1270)  (3374,1268)  (3373,1314)  (3408,1350)  (3441,1386)  (3464,1148)
Tunisia  (2213,1619)  (2167,1619)  (2259,1600)
Sardinia  (2230,1295)
Malta  (2345,1539)
Rhodesia  (2672,2907)  (2626,2952)  (2626,2906)  (2717,2953)  (2672,2861)  (2718,2861)  (2718,2907)  (2624,2860)  (2671,2998)  (2763,2961)  (2738,2815)  (2625,3016)
68 Sea Zone  (1508,2971)  (1462,3016)  (1462,2970)  (1553,3017)  (1508,2925)  (1554,2925)  (1554,2971)  (1460,2924)  (1507,3062)  (1461,3062)  (1416,3016)  (1416,2970)  (1599,3017)  (1599,3063)  (1553,3063)  (1415,3063)  (1506,2879)  (1552,2879)  (1598,2879)  (1600,2925)  (1600,2971)  (1414,2924)  (1414,2878)  (1460,2878)  (1644,2835)  (1507,3108)  (1461,3108)  (1370,3017)  (1370,2971)  (1645,3017)  (1645,3063)  (1645,3109)  (1599,3109)  (1553,3109)  (1415,3109)  (1369,3109)  (1369,3063)  (1506,2833)  (1552,2833)  (1598,2833)  (1646,2881)  (1646,2927)  (1368,2925)  (1368,2879)  (1368,2833)  (1414,2832)  (1460,2832)  (1644,2789)  (1507,3154)  (1461,3154)  (1672,3155)  (1626,3155)  (1580,3155)  (1415,3155)  (1369,3155)  (1352,2787)  (1506,2787)  (1552,2787)  (1598,2787)  (1398,2786)  (1444,2786)  (1644,2743)  (1352,2741)  (1490,2741)  (1536,2741)  (1582,2741)  (1398,2740)  (1444,2740)
Samara  (3611,652)  (3656,649)  (3607,698)  (3655,697)  (3605,743)  (3653,744)  (3606,789)  (3655,792)  (3605,836)  (3655,838)  (3607,880)  (3664,886)
105 Sea Zone  (1832,978)  (1786,1023)  (1786,977)  (1873,1024)  (1832,932)  (1878,932)  (1878,978)  (1784,931)  (1827,1069)  (1830,886)  (1876,886)  (1783,885)  (1829,840)  (1783,839)
Newfoundland Labrador  (799,396)  (851,397)  (900,397)  (950,395)
Portugal  (1673,1305)  (1674,1348)  (1668,1397)
120 Sea Zone  (458,261)  (412,294)  (412,248)  (503,307)  (458,215)  (504,215)  (504,261)  (398,202)  (366,283)  (549,307)  (540,353)  (444,169)  (490,169)  (536,169)  (352,237)  (498,123)  (524,77)
Ecuador  (557,1911)  (571,1960)
112 Sea Zone  (2260,284)  (2214,329)  (2214,283)  (2303,330)  (2260,238)  (2306,238)  (2213,237)  (2257,375)  (2259,192)  (2305,192)  (2351,192)  (2213,191)  (2273,421)  (2227,421)  (2247,469)  (2296,471)
100 Sea Zone  (3080,1218)  (3034,1240)  (3034,1194)  (3126,1199)  (3126,1245)  (3009,1148)  (2988,1259)  (2988,1213)  (3172,1168)  (3172,1214)  (3172,1260)  (2942,1249)  (3218,1233)  (3218,1279)
Tobruk  (2555,1732)  (2604,1732)  (2505,1731)  (2653,1732)  (2554,1783)  (2604,1783)  (2503,1782)  (2654,1783)  (2555,1833)  (2605,1834)  (2655,1836)  (2667,1889)
Chile  (729,2441)  (721,2491)  (717,2538)  (728,2589)  (732,2290)  (728,2233)
80 Sea Zone  (3499,2180)  (3453,2225)  (3453,2179)  (3544,2226)  (3499,2134)  (3545,2134)  (3545,2180)  (3451,2133)  (3498,2271)  (3452,2271)  (3407,2225)  (3407,2179)  (3590,2226)  (3590,2272)  (3544,2272)  (3406,2272)  (3497,2088)  (3543,2088)  (3589,2088)  (3591,2134)  (3591,2180)  (3405,2133)  (3405,2087)  (3451,2087)  (3498,2317)  (3452,2317)  (3361,2226)  (3361,2180)  (3632,2318)  (3586,2318)  (3406,2318)  (3360,2318)  (3360,2272)  (3497,2042)  (3543,2042)  (3589,2042)  (3359,2134)  (3544,1996)  (3590,1996)  (3435,1895)  (3380,1855)  (3348,1809)
Baltic States  (2846,557)  (2892,556)  (2805,558)  (2850,602)  (2800,602)  (2895,602)
96 Sea Zone  (2389,1584)  (2436,1584)  (2483,1584)  (2528,1577)  (2577,1579)  (2621,1580)  (2668,1591)
West India  (3814,1856)  (3860,1855)  (3765,1857)  (3810,1905)  (3858,1904)  (3761,1906)  (3811,1956)  (3860,1955)  (3760,1960)  (3836,2008)  (3870,2057)  (3787,1806)
French Equatorial Africa  (2392,2259)  (2346,2304)  (2346,2258)  (2437,2305)  (2392,2213)  (2438,2213)  (2438,2259)  (2344,2212)  (2391,2350)  (2345,2350)  (2300,2304)  (2300,2258)  (2483,2305)  (2483,2351)  (2437,2351)  (2299,2351)  (2390,2167)  (2436,2167)  (2484,2219)  (2298,2212)  (2298,2166)  (2344,2166)  (2391,2396)  (2345,2396)  (2254,2305)  (2254,2259)  (2529,2348)  (2529,2394)  (2299,2397)  (2390,2121)  (2436,2121)  (2252,2213)  (2295,2120)  (2341,2120)  (2427,2442)  (2381,2442)  (2575,2379)  (2335,2443)  (2387,2075)  (2433,2075)  (2479,2075)  (2281,2074)  (2327,2074)  (2525,2066)  (2440,2488)  (2394,2488)  (2571,2030)  (2348,2489)  (2373,2029)  (2419,2029)  (2465,2029)  (2321,2028)  (2511,2020)  (2435,2534)  (2557,1984)  (2603,1984)  (2389,2535)  (2343,2535)  (2404,1983)  (2450,1983)  (2496,1974)  (2435,2580)  (2542,1938)  (2588,1938)  (2389,2581)  (2343,2581)  (2474,1928)  (2297,2617)  (2438,2626)  (2392,2627)  (2346,2627)  (2300,2663)  (2402,2673)  (2356,2673)
116 Sea Zone  (997,302)  (951,338)  (951,292)  (1042,348)  (997,256)  (1043,256)  (1043,302)  (905,323)  (905,277)  (1088,348)  (1088,394)  (1042,394)  (1029,210)  (1075,210)  (1089,256)  (1089,302)  (1121,178)  (859,271)  (1075,164)
Sierra Leone  (1672,2031)
108 Sea Zone  (1501,575)  (1455,620)  (1455,574)  (1546,621)  (1501,529)  (1547,529)  (1547,575)  (1453,528)  (1500,666)  (1454,666)  (1592,621)  (1592,667)  (1546,667)  (1499,483)  (1545,483)  (1591,483)  (1593,529)  (1593,575)  (1411,482)  (1500,712)  (1454,712)
Greater Southern Germany  (2451,974)  (2499,974)  (2545,976)  (2454,1022)  (2500,1021)
73 Sea Zone  (3483,3092)  (3437,3137)  (3437,3091)  (3528,3138)  (3529,3050)  (3391,3166)  (3391,3120)  (3391,3074)  (3574,3096)  (3574,3142)  (3575,3050)  (3620,3096)  (3620,3142)  (3621,3050)
Slovakia Hungary  (2690,961)  (2739,960)  (2788,960)  (2639,960)  (2622,1011)
Turkey  (3019,1360)  (3071,1361)  (2965,1361)  (3025,1412)  (3076,1411)  (2970,1414)  (3047,1312)  (3145,1422)  (3189,1422)  (3237,1424)  (3291,1424)  (3237,1373)  (3295,1374)
70 Sea Zone  (2188,2977)  (2142,3022)  (2142,2976)  (2233,3023)  (2188,2931)  (2234,2931)  (2234,2977)  (2140,2930)  (2187,3068)  (2141,3068)  (2096,3022)  (2096,2976)  (2279,3023)  (2279,3069)  (2233,3069)  (2095,3069)  (2186,2885)  (2232,2885)  (2278,2885)  (2280,2931)  (2280,2977)  (2094,2930)  (2094,2884)  (2140,2884)  (2324,2862)  (2187,3114)  (2141,3114)  (2050,3023)  (2050,2977)  (2325,3023)  (2325,3069)  (2325,3115)  (2279,3115)  (2233,3115)  (2095,3115)  (2049,3115)  (2049,3069)  (2186,2839)  (2232,2839)  (2278,2839)  (2326,2908)  (2326,2954)  (2048,2931)  (2048,2885)  (2048,2839)  (2094,2838)  (2140,2838)  (2187,3160)  (2141,3160)  (2371,3016)  (2371,3062)  (2371,3108)  (2371,3154)  (2325,3161)  (2279,3161)  (2233,3161)  (2095,3161)  (2049,3161)  (2037,2793)  (2186,2793)  (2232,2793)  (2278,2793)  (2083,2792)  (2129,2792)  (2417,3092)  (2417,3138)  (2037,2747)  (2175,2747)  (2221,2747)  (2267,2747)  (2083,2746)  (2129,2746)
French Madagascar  (3142,2963)  (3096,3008)  (3096,2932)  (3170,3009)  (3142,2917)  (3188,2917)  (3188,2963)  (3124,3054)  (3078,3054)  (3204,2871)  (3250,2837)  (3108,3100)
Mozambique  (2839,2900)  (2793,2901)  (2875,2946)  (2810,2854)  (2856,2854)  (2829,2947)  (2833,2993)
Romania  (2828,1078)  (2878,1077)  (2774,1078)  (2930,1115)
French Guiana  (1030,1772)
Algeria  (2034,1610)  (1986,1610)  (1938,1610)  (1979,1560)  (2107,1555)  (2081,1610)  (2125,1609)
Saudi Arabia  (3230,1980)  (3279,1984)  (3177,1977)  (3228,2035)  (3278,2036)  (3176,2031)  (3223,2089)  (3273,2091)  (3167,2086)  (3341,2031)  (3337,1980)  (3127,1957)  (3134,1915)  (3129,1861)  (3087,1830)  (3131,1814)  (3342,1927)  (3390,2021)  (3397,1968)
Paraguay  (919,2281)  (873,2282)  (941,2327)  (965,2262)
Quebec  (680,435)  (634,480)  (634,434)  (725,481)  (682,480)  (634,528)  (680,530)  (731,530)
Syria  (3094,1562)  (3043,1563)  (3100,1480)  (3205,1485)  (3250,1485)
Alberta Saskatchewan Manitoba  (64,409)  (113,410)  (160,410)  (214,407)  (259,409)  (311,411)  (65,359)  (117,359)  (291,362)  (334,361)  (385,360)  (289,463)
75 Sea Zone  (3621,2890)  (3575,2935)  (3575,2889)  (3666,2936)  (3621,2844)  (3667,2844)  (3667,2890)  (3573,2843)  (3620,2981)  (3574,2981)  (3529,2935)  (3529,2889)  (3712,2936)  (3712,2982)  (3666,2982)  (3528,2982)  (3713,2800)  (3713,2846)  (3527,2843)  (3483,2936)  (3483,2890)  (3758,2892)  (3758,2938)  (3758,2984)  (3482,3004)  (3759,2800)  (3759,2846)  (3481,2844)  (3437,2958)  (3437,2912)  (3804,2892)  (3804,2938)  (3804,2984)  (3436,3004)  (3805,2800)  (3805,2846)  (3435,2866)  (3435,2820)  (3391,2958)  (3391,2912)  (3850,2892)  (3850,2938)  (3850,2984)  (3390,3004)  (3851,2800)  (3851,2846)  (3389,2866)  (3389,2820)
Colombia  (628,1789)  (573,1782)  (680,1787)  (630,1688)  (680,1692)
Switzerland  (2246,973)  (2290,972)
Rostov  (3283,997)  (3283,1043)  (3234,996)  (3330,996)  (3327,1041)
Trans-Jordan  (3050,1713)  (2999,1717)  (3100,1712)  (3098,1657)  (3117,1615)  (2973,1676)
94 Sea Zone  (2135,1435)  (2089,1480)  (2089,1434)  (2180,1481)  (2135,1389)  (2181,1411)  (2087,1388)  (2226,1457)
Kansu  (3953,946)
Albania  (2647,1241)  (2596,1241)  (2696,1255)
Eire  (1744,478)  (1793,478)  (1695,477)  (1743,395)
Central United States  (301,841)  (350,840)  (252,843)  (303,890)  (356,889)  (248,893)  (305,940)  (251,942)  (357,941)
Vyborg  (2821,306)
Archangel  (3166,245)  (3212,245)  (3259,246)  (3118,247)  (3158,289)  (3203,290)  (3252,293)  (3160,337)  (3208,340)  (3254,338)  (3119,294)  (3124,339)  (3197,383)  (3245,383)
Argentina  (853,2503)  (900,2503)  (808,2503)  (858,2549)  (811,2549)  (812,2595)
Poland  (2696,754)  (2712,802)  (2760,802)  (2663,823)  (2809,833)
Union of South Africa  (2760,3044)  (2610,3136)  (2675,3143)  (2724,3143)
Bulgaria  (2811,1202)  (2759,1202)  (2861,1203)  (2766,1247)  (2813,1249)  (2877,1246)
Bessarabia  (2971,1000)  (2981,1038)  (2992,1080)
Norway  (2462,223)  (2510,223)  (2405,276)  (2456,274)  (2402,323)  (2401,369)  (2355,377)  (2607,86)  (2650,54)
Germany  (2538,776)  (2588,776)  (2490,777)  (2516,825)  (2465,826)  (2565,825)
109 Sea Zone  (1708,573)  (1662,618)  (1662,572)  (1731,619)  (1754,544)  (1777,590)  (1685,664)  (1731,665)  (1784,681)  (1824,526)  (1655,444)  (1849,480)  (1874,430)
Central America  (446,1415)  (394,1412)  (472,1512)  (482,1559)
117 Sea Zone  (1252,304)  (1206,349)  (1206,303)  (1297,350)  (1252,258)  (1298,258)  (1298,304)  (1204,257)  (1251,395)  (1205,395)  (1343,350)  (1343,396)  (1297,396)  (1250,212)  (1296,212)  (1342,212)  (1344,258)  (1344,304)  (1170,211)  (1251,441)  (1205,441)  (1365,442)  (1319,442)  (1216,166)  (1262,166)  (1308,166)  (1354,166)  (1170,165)
Northern Italy  (2300,1151)  (2348,1139)  (2313,1199)  (2357,1187)  (2225,1115)  (2221,1067)  (2424,1077)  (2390,1035)
64 Sea Zone  (187,1724)  (141,1769)  (141,1723)  (232,1770)  (187,1678)  (233,1678)  (233,1724)  (139,1677)  (186,1815)  (140,1815)  (95,1769)  (95,1723)  (278,1770)  (278,1816)  (232,1816)  (94,1816)  (185,1632)  (231,1632)  (277,1632)  (279,1678)  (279,1724)  (93,1677)  (93,1631)  (139,1631)  (323,1588)  (186,1861)  (140,1861)  (49,1770)  (49,1724)  (324,1770)  (324,1816)  (324,1862)  (278,1862)  (232,1862)  (94,1862)  (48,1862)  (48,1816)  (185,1586)  (231,1586)  (277,1586)  (325,1634)  (325,1680)  (47,1678)  (47,1632)  (47,1586)  (93,1585)  (139,1585)  (323,1542)  (369,1542)  (369,1588)  (186,1907)  (140,1907)  (3,1770)  (3,1724)  (370,1726)  (370,1772)  (370,1818)  (370,1864)  (324,1908)  (278,1908)  (232,1908)  (94,1908)  (48,1908)  (2,1908)  (2,1862)  (2,1816)  (2,1540)  (185,1540)  (231,1540)  (277,1540)  (371,1634)  (371,1680)  (1,1678)  (1,1632)  (1,1586)  (48,1539)  (94,1539)  (372,1910)  (323,1496)  (369,1496)  (415,1500)  (415,1546)  (186,1953)  (140,1953)  (416,1726)  (416,1772)  (416,1818)  (416,1864)  (326,1954)  (280,1954)  (234,1954)  (94,1954)  (48,1954)  (2,1954)  (0,1494)  (140,1494)  (186,1494)  (232,1494)  (417,1592)  (417,1638)  (46,1493)  (92,1493)  (418,1910)  (418,1956)  (372,1956)  (278,1450)  (324,1450)  (188,1999)  (142,1999)  (462,1684)  (462,1730)  (462,1776)  (462,1822)  (326,2000)  (280,2000)  (234,2000)  (96,2000)  (50,2000)  (4,2000)  (0,1448)  (138,1448)  (184,1448)  (230,1448)  (463,1603)  (46,1447)  (92,1447)  (464,1868)  (464,1914)  (464,1960)  (418,2002)  (372,2002)  (468,2006)  (188,2045)  (142,2045)  (508,1649)  (508,1695)  (508,1741)  (326,2046)  (280,2046)  (234,2046)  (96,2046)  (50,2046)  (4,2046)  (0,1402)  (138,1402)  (184,1402)  (230,1402)  (46,1401)  (92,1401)  (510,1929)  (422,2048)  (376,2048)  (514,1975)  (476,2052)  (188,2091)  (142,2091)  (554,1653)  (330,2092)  (284,2092)  (238,2092)  (96,2092)  (50,2092)  (4,2092)  (0,1356)  (138,1356)  (184,1356)  (46,1355)  (92,1355)  (430,2094)  (384,2094)  (192,2137)  (146,2137)  (338,2138)  (292,2138)  (246,2138)  (100,2138)  (54,2138)  (8,2138)  (0,1310)  (138,1310)  (46,1309)  (92,1309)  (388,2140)  (0,1264)  (46,1263)  (0,1218)  (0,1172)  (0,1126)
Tambov  (3414,857)  (3458,856)  (3414,897)  (3460,901)  (3368,857)  (3324,857)  (3507,857)  (3507,902)
97 Sea Zone  (2568,1440)  (2522,1485)  (2522,1439)  (2613,1486)  (2568,1394)  (2614,1394)  (2614,1440)  (2520,1393)  (2659,1486)  (2566,1348)  (2543,1302)  (2497,1260)  (2452,1214)
GermanyPeaceRussia  (335,3013)
Novosibirsk  (3793,543)  (3841,543)  (3791,590)  (3836,592)  (3788,637)  (3834,638)  (3782,685)  (3841,685)  (3792,733)  (3838,734)  (3800,787)  (3850,786)  (3805,836)  (3855,838)
125 Sea Zone  (2285,58)  (2331,58)  (2236,57)  (2254,103)  (2303,105)  (2352,105)  (2376,56)  (2327,9)  (2277,10)  (2207,102)  (2402,106)
India  (3941,1865)  (3953,1911)  (3931,1819)  (3953,1957)  (3936,2003)
92 Sea Zone  (1921,1453)  (1875,1498)  (1959,1499)  (1959,1407)  (1967,1453)  (2005,1385)  (1829,1520)  (2013,1431)  (2013,1477)
Tsinghai  (3946,1124)  (3953,1170)  (3928,1078)  (3953,1216)  (3953,1262)
128 Sea Zone  (3467,1264)  (3496,1313)  (3530,1362)  (3512,1227)  (3544,1415)
Greenland  (810,33)  (859,46)  (909,49)  (959,47)  (898,96)  (953,97)
72 Sea Zone  (2994,2826)  (2994,2872)  (2994,2918)  (2994,2964)  (2994,3010)  (2994,3056)  (2994,3102)  (2994,3148)  (3019,2563)  (3032,2609)  (3034,2775)  (3037,2698)  (3040,2821)  (3040,2867)  (3040,2913)  (3040,2959)  (3040,3159)  (3065,2559)  (3078,2605)  (3078,2651)  (3080,2744)  (3083,2697)  (3086,2790)  (3086,2836)  (3086,3163)  (3124,2596)  (3124,2642)  (3126,2743)  (3129,2688)  (3132,2789)  (3132,2835)  (3132,3152)  (3170,2596)  (3170,2642)  (3172,2734)  (3175,2688)  (3178,2780)  (3178,3133)  (3202,3078)  (3216,2596)  (3216,2642)  (3218,2734)  (3221,2688)  (3224,3124)  (3230,3029)  (3248,3075)  (3253,2982)  (3262,2596)  (3262,2642)  (3267,2688)  (3267,2933)  (3270,3121)  (3276,3028)  (3293,2883)  (3294,3074)  (3298,2734)  (3299,2979)  (3304,2780)  (3308,2596)  (3308,2642)  (3309,2826)
81 Sea Zone  (3008,1866)  (3029,1912)  (2986,1820)  (3035,1958)  (2972,1774)  (3048,2004)
British Guiana  (906,1692)  (905,1733)
79 Sea Zone  (3779,2211)  (3733,2256)  (3733,2210)  (3824,2257)  (3779,2165)  (3825,2165)  (3825,2211)  (3731,2164)  (3778,2302)  (3732,2302)  (3687,2256)  (3687,2210)  (3870,2257)  (3870,2303)  (3824,2303)  (3686,2303)  (3777,2119)  (3823,2119)  (3871,2159)  (3871,2205)  (3685,2164)  (3685,2118)  (3731,2118)  (3778,2348)  (3732,2348)  (3885,2349)  (3839,2349)  (3686,2349)  (3777,2073)  (3678,2072)  (3724,2072)  (3678,2026)  (3724,2026)
Vologda  (3514,314)  (3560,314)  (3465,314)  (3512,359)  (3561,357)  (3465,357)  (3470,407)  (3514,408)  (3556,403)
Uruguay  (963,2425)
French West Africa  (1877,1988)  (1831,2033)  (1831,1987)  (1922,2034)  (1877,1942)  (1923,1942)  (1923,1988)  (1829,1941)  (1876,2079)  (1830,2079)  (1785,2024)  (1968,2034)  (1968,2080)  (1875,1896)  (1921,1896)  (1969,1915)  (1969,1961)  (1783,1978)  (1783,1932)  (1829,1895)  (1774,1886)  (1883,2125)  (2014,2007)  (1997,2126)  (1875,1850)  (2015,1955)  (1737,1985)  (1737,1939)  (1820,1849)  (1728,1893)  (1728,1847)  (1774,1840)  (1866,1804)  (1691,1941)  (1820,1803)  (1689,1801)  (1682,1852)  (1735,1794)  (1781,1757)  (1643,1806)
Libya  (2319,1726)  (2369,1726)  (2268,1725)  (2269,1775)  (2319,1776)  (2370,1776)  (2422,1744)  (2422,1795)
Sicily  (2396,1466)
Italian Somaliland  (3019,2395)  (3140,2317)
83 Sea Zone  (1754,2433)  (1708,2478)  (1708,2432)  (1799,2479)  (1754,2387)  (1800,2387)  (1800,2433)  (1706,2386)  (1753,2524)  (1707,2524)  (1662,2478)  (1662,2432)  (1845,2479)  (1845,2525)  (1799,2525)  (1661,2525)  (1752,2341)  (1798,2341)  (1844,2341)  (1846,2387)  (1846,2433)  (1660,2386)  (1660,2340)  (1706,2340)  (1753,2570)  (1707,2570)  (1882,2571)  (1836,2571)  (1661,2571)  (1752,2295)  (1798,2295)  (1844,2295)  (1640,2294)  (1686,2294)  (1790,2616)  (1744,2616)  (1882,2617)  (1836,2617)  (1698,2617)  (1652,2617)  (1732,2249)  (1778,2249)  (1824,2249)  (1870,2249)  (1640,2248)  (1686,2248)  (1790,2662)  (1744,2662)  (1882,2663)  (1836,2663)  (1698,2663)  (1652,2663)  (1732,2203)  (1640,2202)  (1686,2202)  (1640,2156)
Ontario  (498,521)  (540,520)  (370,489)  (416,480)  (456,502)  (555,562)
77 Sea Zone  (3524,2554)  (3478,2599)  (3478,2553)  (3569,2600)  (3524,2508)  (3570,2508)  (3570,2554)  (3476,2507)  (3523,2645)  (3477,2645)  (3432,2599)  (3432,2553)  (3615,2600)  (3615,2646)  (3569,2646)  (3431,2646)  (3522,2462)  (3568,2462)  (3614,2462)  (3616,2508)  (3616,2554)  (3430,2507)  (3430,2461)  (3476,2461)  (3660,2418)  (3523,2691)  (3477,2691)  (3386,2600)  (3386,2554)  (3661,2600)  (3661,2646)  (3661,2692)  (3615,2692)  (3569,2692)  (3431,2692)  (3385,2692)  (3385,2646)  (3522,2416)  (3568,2416)  (3614,2416)  (3662,2464)  (3662,2510)  (3384,2508)  (3384,2462)  (3384,2416)  (3430,2415)  (3476,2415)  (3523,2737)  (3477,2737)  (3685,2738)  (3639,2738)  (3593,2738)  (3431,2738)  (3385,2738)
82 Sea Zone  (2083,2434)  (2037,2479)  (2037,2433)  (2128,2480)  (2083,2388)  (2129,2388)  (2129,2434)  (2035,2387)  (2082,2525)  (2036,2525)  (1991,2479)  (1991,2433)  (2174,2480)  (2174,2526)  (2128,2526)  (1990,2526)  (2081,2342)  (2127,2342)  (2173,2342)  (2175,2388)  (2175,2434)  (1989,2387)  (1989,2341)  (2035,2341)  (2082,2571)  (2036,2571)  (1945,2480)  (1945,2434)  (2220,2480)  (2220,2526)  (2220,2572)  (2174,2572)  (2128,2572)  (1990,2572)  (1944,2572)  (1944,2526)  (2081,2296)  (2127,2296)  (2221,2410)  (1943,2388)  (1943,2342)  (1943,2296)  (1989,2295)  (2035,2295)  (2082,2617)  (2036,2617)  (2239,2618)  (2193,2618)  (2147,2618)  (1990,2618)  (1944,2618)  (1928,2250)  (2081,2250)  (1974,2249)  (2020,2249)  (2101,2663)  (2055,2663)  (2239,2664)  (2193,2664)  (2147,2664)  (2009,2664)  (1963,2664)
Brazil  (1086,2035)  (1132,2035)  (1040,2035)  (1088,2081)  (1136,2083)  (1035,2081)  (1092,2126)  (1140,2131)  (1046,2130)  (1092,2172)  (1050,2177)  (1142,2177)
Venezuela  (789,1665)  (837,1664)  (793,1714)  (716,1626)  (668,1598)  (860,1612)
127 Sea Zone  (2946,12)  (2900,19)  (2991,58)  (2966,104)  (2939,150)  (3098,0)
103 Sea Zone  (1346,985)  (1300,1030)  (1300,984)  (1391,1031)  (1346,939)  (1392,939)  (1392,985)  (1298,938)  (1345,1076)  (1299,1076)  (1254,1030)  (1254,984)  (1437,1031)  (1437,1077)  (1391,1077)  (1253,1077)  (1344,893)  (1390,893)  (1436,893)  (1438,939)  (1438,985)  (1252,938)  (1252,892)  (1298,892)  (1482,849)  (1345,1122)  (1299,1122)  (1483,1031)  (1483,1077)  (1483,1123)  (1437,1123)  (1391,1123)  (1253,1123)  (1344,847)  (1390,847)  (1436,847)  (1484,895)  (1484,941)  (1217,846)  (1263,846)  (1482,803)  (1345,1168)  (1299,1168)  (1510,1169)  (1464,1169)  (1418,1169)  (1253,1169)  (1309,801)  (1355,801)  (1401,801)  (1217,800)  (1263,800)  (1372,1214)  (1326,1214)  (1510,1215)  (1464,1215)  (1418,1215)  (1280,1215)  (1234,1215)
Volgograd  (3476,1016)  (3426,1016)  (3526,1017)  (3399,1068)  (3449,1068)  (3499,1068)  (3577,1016)
Yugoslavia  (2583,1128)  (2533,1128)  (2481,1123)  (2634,1129)  (2686,1128)
Spain  (1817,1289)  (1865,1289)  (1821,1336)  (1873,1338)  (1771,1337)  (1767,1288)  (1827,1388)  (1769,1391)  (1881,1393)
Ethiopia  (2913,2269)  (2961,2269)  (2864,2269)  (2912,2314)  (2862,2316)  (2961,2318)
Rio de Oro  (1711,1681)
Novgorod  (3017,316)  (2981,366)  (3033,367)  (2939,418)  (2988,418)  (2967,469)  (3038,416)
126 Sea Zone  (2483,44)  (2475,92)  (2521,2)
98 Sea Zone  (2865,1588)  (2819,1612)  (2911,1570)  (2911,1616)  (2773,1610)  (2957,1570)  (2957,1616)
Gibraltar  (1772,1463)
91 Sea Zone  (1557,1513)  (1511,1558)  (1511,1512)  (1602,1559)  (1557,1467)  (1603,1468)  (1509,1466)  (1556,1604)  (1510,1604)  (1465,1558)  (1465,1512)  (1648,1514)  (1648,1560)  (1602,1605)  (1464,1605)  (1555,1421)  (1601,1421)  (1649,1606)  (1463,1466)  (1463,1420)  (1509,1420)  (1664,1468)  (1556,1650)  (1510,1650)  (1694,1514)  (1603,1651)  (1464,1651)  (1555,1375)  (1449,1374)  (1495,1374)  (1710,1465)  (1557,1696)  (1511,1696)  (1614,1697)  (1465,1697)  (1541,1329)  (1587,1329)  (1449,1328)  (1495,1328)
Finland  (2732,104)  (2731,152)  (2744,299)  (2758,251)  (2763,202)
78 Sea Zone  (3832,2552)  (3786,2597)  (3786,2551)  (3877,2598)  (3832,2506)  (3878,2506)  (3878,2552)  (3784,2505)  (3831,2643)  (3785,2643)  (3740,2597)  (3740,2551)  (3923,2598)  (3923,2644)  (3877,2644)  (3739,2644)  (3830,2460)  (3876,2460)  (3922,2460)  (3924,2506)  (3924,2552)  (3738,2505)  (3738,2459)  (3784,2459)  (3831,2689)  (3785,2689)  (3939,2690)  (3893,2690)  (3739,2690)  (3830,2414)  (3876,2414)  (3922,2414)  (3731,2413)  (3777,2413)  (3847,2735)  (3801,2735)  (3939,2736)  (3893,2736)  (3755,2736)
Suriname  (975,1728)
107 Sea Zone  (1261,599)  (1215,644)  (1215,598)  (1306,645)  (1261,553)  (1307,553)  (1307,599)  (1213,552)  (1260,690)  (1214,690)  (1352,645)  (1352,691)  (1306,691)  (1259,507)  (1305,507)  (1351,507)  (1353,553)  (1353,599)  (1170,506)
United Kingdom  (1887,577)  (1936,577)  (1986,577)  (2036,576)  (1903,634)  (1952,633)  (2001,634)  (2050,636)
Anglo Egyptian Sudan  (2722,2097)  (2676,2142)  (2676,2096)  (2767,2143)  (2722,2051)  (2768,2051)  (2768,2097)  (2674,2050)  (2721,2188)  (2675,2188)  (2630,2142)  (2630,2096)  (2629,2189)  (2720,2005)  (2766,2005)  (2812,2005)  (2814,2051)  (2814,2097)  (2672,2004)  (2858,1961)  (2720,2234)  (2584,2143)  (2674,2235)  (2628,2235)  (2583,2189)  (2718,1959)  (2764,1959)  (2810,1959)  (2860,2007)  (2860,2053)  (2582,2236)  (2904,1924)  (2538,2143)  (2687,2281)  (2641,2281)  (2537,2190)  (2906,1970)  (2906,2016)  (2906,2062)  (2595,2282)  (2950,1922)  (2704,2327)  (2658,2327)  (2952,1968)  (2952,2014)  (2952,2060)  (2612,2328)  (2712,2373)  (2666,2373)
110 Sea Zone  (1830,686)  (1830,732)  (1830,778)  (1876,685)  (1876,731)  (1922,685)  (1922,731)  (1968,694)  (1968,740)  (2014,696)  (2060,696)  (2083,491)  (2117,537)  (2117,607)  (2117,653)  (2129,491)  (2163,537)  (2163,583)  (2209,533)
111 Sea Zone  (2110,345)  (2064,390)  (2064,344)  (2155,391)  (2110,299)  (2156,299)  (2156,345)  (2109,436)  (2167,437)  (2092,253)  (2138,253)  (2079,207)  (2125,207)  (2033,170)  (2079,161)  (2125,161)
88 Sea Zone  (1188,1649)  (1142,1694)  (1142,1648)  (1233,1695)  (1188,1603)  (1234,1603)  (1234,1649)  (1140,1602)  (1187,1740)  (1141,1740)  (1096,1694)  (1096,1648)  (1279,1695)  (1279,1741)  (1233,1741)  (1095,1741)  (1280,1583)  (1280,1629)  (1094,1602)  (1050,1659)  (1325,1675)  (1325,1721)  (1325,1767)  (1326,1583)  (1326,1629)  (1048,1613)  (1371,1675)  (1371,1721)  (1371,1767)  (1372,1583)  (1372,1629)  (1002,1646)  (1002,1600)  (956,1631)  (956,1585)
Kazakhstan  (3737,1208)  (3691,1253)  (3691,1207)  (3782,1254)  (3737,1162)  (3783,1162)  (3783,1208)  (3689,1161)  (3736,1299)  (3690,1299)  (3645,1253)  (3645,1207)  (3828,1254)  (3828,1300)  (3782,1300)  (3735,1116)  (3781,1116)  (3827,1116)  (3829,1162)  (3829,1208)  (3643,1161)  (3643,1115)  (3689,1115)  (3610,1299)  (3873,1073)  (3599,1253)  (3599,1207)  (3874,1254)  (3874,1300)  (3874,1346)  (3828,1346)  (3782,1346)  (3804,1070)  (3875,1119)  (3875,1165)  (3597,1128)  (3864,1392)  (3818,1392)  (3772,1392)  (3862,1438)  (3816,1438)  (3868,1484)  (3822,1484)  (3857,1530)  (3811,1530)
Smolensk  (3204,521)  (3253,521)  (3206,570)  (3257,570)  (3205,619)  (3256,619)
Tanganyika Territory  (2860,2683)  (2814,2728)  (2814,2682)  (2905,2729)  (2860,2637)  (2906,2637)  (2906,2683)  (2812,2636)  (2843,2774)  (2768,2738)  (2768,2692)  (2951,2729)  (2952,2632)  (2952,2678)  (2766,2646)  (2766,2600)  (2830,2590)